6480, 6486, 6332, 6334, 6317, 6377, 6388, 6361, 6376, 6419, 6461,
6530, 6453, 6385, 6409, 6411, 6371, 6359, 5738, 5648, 5575, 5554,
5623, 4871, 4451, 4602, 4365, 4347, 3880, 4009, 3779, 3820, 4257,
4278, 4017, 4214, 4139, 3894, 3956, 3753, 3521, 3419, 3476, 3614,
3502, 3424, 3486, 3313, 3242, 3236, 3252, 3545, 3696, 3745, 4134,
3896, 4014, 3998, 4078, 3815, 3857, 3654, 3923, 3820, 3865, 3742,
3843, 3943, 3836, 3857, 3845, 4076, 4025, 4030, 4035, 3678, 3687,
3661, 3552, 3706, 3630, 3655, 3678, 3657, 3728, 3601, 3576, 3604,
3585, 3600, 3599, 3602, 3583, 3470, 3448, 3486, 3457, 3487, 3521,
3464, 3459, 3466, 3413, 3399, 3666, 3671, 3690, 3648, 3653, 3632,
3616, 3620, 3629, 3673, 3915, 3947, 3999, 3954, 4005, 4142, 3810,
3882, 3854, 3851, 3854, 3859, 3864, 3847, 3761, 3896, 3903, 3911,
3901, 3963, 3951, 3905, 3909, 3906, 3924, 3960, 4048, 4025, 4032,
4071, 4087, 4029, 4023, 4035, 4022, 3963, 3985, 4087, 4069, 4098,
4106, 4105, 4158, 4879, 4973, 4922, 5036, 5059, 5198, 5289, 5204,
5324, 5064, 5089, 5096, 5167, 5067, 5235, 5251, 5298, 5303, 5337,
5314, 5399, 5572, 5464, 5210, 5279, 5268, 5285, 5247, 5350, 5402,
5505, 5768, 5831, 5795, 5746, 5829, 5982, 6174, 6378, 7204, 6972,
7814, 7994, 8205, 7884, 7343, 7271, 8197, 7978, 7963, 7680, 7881,
7987, 8052, 8673, 8805, 8719, 8659, 8319, 8574, 8564, 8742, 8208,
7707, 7824, 7822, 8043, 7954, 7688, 8000, 7927, 8145, 8230, 8693,
8838, 8994, 9320, 9081, 9273, 9527, 10144, 10701, 10855, 11011, 11790,
13016, 11182, 12407, 11959, 10817, 10583, 10801, 11961, 11215, 10978,
11208, 11450, 12285, 12573, 12156, 11358, 11815, 11392, 10256, 10895,
9477, 9693, 10666, 10530, 10767, 10599, 10343, 9900, 9811, 9911, 9870,
9477, 9552, 9519, 9607, 10085, 10399, 10518, 10821, 10970, 11805,
11478, 11941, 11966, 11862, 11354, 11523, 11382, 10895, 10051, 10311,
10374, 10231, 10345, 10916, 10763, 10138, 10131, 10407, 10159, 10138,
10370, 10185, 9754, 9510, 9598, 9630, 9757, 10346, 10623, 10594,
10575, 10353, 10517, 10441, 10334, 10115, 10178, 10410, 10360, 10358,
10347, 10276, 10241, 10198, 10266, 10181, 10019, 10070, 9729, 8620,
8486, 8118, 8251, 8245, 8104, 8293, 8343, 8393, 8259, 8205, 8151,
7988, 8245, 8228, 8595, 8586, 8321, 8336, 8321, 8374, 8205, 8047,
8103, 7973, 7988, 8222, 8243, 8078, 7514, 7493, 8660, 9244, 9551,
9256, 9427, 9205, 9199, 9261, 9324, 9235, 9412, 9342, 9360, 9267,
8804, 8813, 9055, 8757, 8815, 8808, 8708, 8491, 8550, 8577, 8309,
8206, 8027, 7642, 7296, 7397, 7047, 7146, 7218, 7531, 7463, 7761,
7569, 7424, 7321, 7320, 7252, 7448, 7546, 7556, 7564, 7400, 7278,
7217, 7243, 7269, 7124, 7152, 6932, 6640, 7276, 7202, 7218, 7191,
7511, 7355, 7322, 7275, 7238, 7290, 7317, 7422, 7292, 7193, 7200,
6985, 7344, 7410, 7411, 7769, 8163, 8079, 7879, 8166, 8037, 8192,
8144, 8827, 8807, 8723, 8929, 8942, 8706, 8657, 8745, 8680, 8406,
8445, 8367, 8596, 8909, 9358, 9316, 9508, 9350, 9392, 9344, 9293,
9180, 9613, 9729, 9795, 9865, 10116, 9856, 10208, 10326, 10214, 10312,
9889, 9934, 9690, 10141, 9633, 9608, 9686, 9663, 9924, 9650, 9341,
8820, 8784, 8672, 8599, 8562, 8869, 8787, 8755, 9078, 9122, 8909,
8108, 7923, 7909, 7911, 4970, 5563, 5200, 5392, 5014, 5225, 5238,
6191, 6198, 6185, 5830, 6416, 6734, 6681, 6716, 6469, 6242, 5922,
6429, 6438, 6606, 6793, 6733, 6867, 6791, 7271, 7176, 7334, 7302,
6865, 6859, 6971, 6845, 6842, 6642, 7116, 7257, 7189, 6881, 6880,
7117, 7429, 7550, 7569, 7679, 7795, 7807, 8801, 8658, 8864, 8988,
8897, 8912, 9003, 9268, 9951, 9842, 9593, 8756, 8601, 8804, 9269,
9733, 9328, 9377, 9670, 9726, 9729, 9522, 9081, 9182, 9209, 8790,
8906, 8835, 9181, 9525, 9439, 9700, 9461, 10167, 9529, 9656, 9800,
9665, 9653, 9758, 9771, 9795, 9870, 9321, 9480, 9475, 9386, 9450,
9538, 9480, 9411, 9288, 9332, 9303, 9648, 9629, 9313, 9264, 9162,
9045, 9143, 9190, 9137, 9228, 9123, 9087, 9132, 9073, 9375, 9252,
9428, 9277, 9278, 9240, 9276, 9243, 9243, 9192, 9132, 9151, 9159,
9185, 9164, 9374, 9525, 9581, 9536, 9677, 9905, 10990, 10912, 11100,
11111, 11323, 11759, 11053, 11246, 11205, 11747, 11779, 11601, 11754,
11675, 11878, 11410, 11584, 11784, 11768, 11865, 11892, 12254, 11991,
11758, 11878, 11592, 11681, 11664, 11774, 11366, 11488, 11323, 11542,
11506, 11711, 11680, 11970, 11414, 10245, 10511, 10169, 10280, 10369,
10131, 10242, 10363, 10400, 10442, 10323, 10680, 10796, 10974, 10948,
10944, 11094, 10938, 10462, 10538, 10225, 10745, 10702, 10754, 10774,
10721, 10848, 10787, 10623, 10585, 10565, 10684, 10804, 10621, 10679,
10923, 11296, 11384, 11429, 11495, 11322, 11358, 11483, 11742, 11916,
12823, 12965, 12931, 13108, 13031, 13075, 13654, 13271, 13437, 13546,
13780, 13737, 13550, 13950, 14133, 15579, 15565, 14833, 15479, 15332,
15290, 15701, 16276, 16317, 16068, 15955, 16716, 17645, 17804, 17817,
18621, 18642, 18370, 18364, 19107, 18732, 17150, 17108, 17717, 18177,
19625, 18802, 19201, 19445, 18699, 19154, 19345, 19191, 18321, 18553,
18264, 18058, 18803, 19142, 19246, 19417, 21310, 22805, 23137, 23869,
23477, 22803, 23783, 23241, 23735, 24664, 26437, 26272, 27084, 27362,
28840, 29001, 29374, 32127, 32782, 31971, 33992, 36824, 39371, 40797,
40254, 38356, 35566, 33922, 37316, 39187, 36825, 36178, 35791, 36630,
36069, 35547, 30825, 33005, 32067, 32289, 32366, 32569, 30432, 31649,
34316, 34269, 33114, 33537, 35510, 37472, 36926, 38144, 39266, 38903,
46196, 46481, 44918, 47909, 47504, 47105, 48717, 47945, 49199, 52149,
51679, 55888, 56099, 57539, 54207, 48824, 49705, 47093, 46339, 46188,
45137, 49631, 48378, 50538, 48561, 48927, 48912, 51206, 52246, 54824,
56008, 57805, 57332, 61243, 59302, 55907, 56804, 58870, 57858, 58346,
58313, 57523, 54529, 54738, 52774, 51704, 55137, 55973, 55950, 57750,
58917, 58918, 59095, 59384, 57603, 58758, 59057, 58192, 56048, 58323,
58245, 59793, 60204, 59893, 63503, 63109, 63314, 61572, 60683, 56216,
55724, 56473, 53906, 51762, 51093, 50050, 49004, 54021, 55033, 54824,
53555, 57750, 57828, 56631, 57200, 53333, 57424, 56396, 57356, 58803,
58232, 55859, 56704, 49150, 49716, 49880, 46760, 46456, 43537, 42909,
37002, 40782, 37304, 37536, 34770, 38705, 38402, 39294, 38436, 35697,
34616, 35678, 37332, 36684, 37575, 39208, 36894, 35551, 35862, 33560,
33472, 37345, 36702, 37334, 35552, 39097, 40218, 40406, 38347, 38053,
35787, 35615, 35698, 31676, 32505, 33723, 34662, 31637, 32186, 34649,
34434, 35867, 35040, 33572, 33897, 34668, 35287, 33746, 34235, 33855,
32877, 33798, 33520, 34240, 33155, 32702, 32822, 31780, 31421, 31533,
31796, 30817, 29807, 32110, 32313, 33581, 34292, 35350, 37337, 39406,
39995, 40008, 42235, 41626, 39974, 39201, 38152, 39747, 40869, 42816,
44555, 43798, 46365, 45585, 45593, 44428, 47793, 47096, 47047, 46004,
44695, 44801, 46717, 49339, 48905, 49321, 49546, 47706, 48960, 46942,
49058, 48902, 48829, 47054, 47166, 48847, 49327, 50025, 49944, 51753,
52633, 46811, 46091, 46391, 44883, 45201, 46063, 44963, 47092, 48176,
47783, 47267, 48278, 47260, 42843, 40693, 43574, 44895, 42839, 42716,
43208, 42235, 41034, 41564, 43790, 48116, 47711, 48199, 49112, 51514,
55361, 53805, 53967, 54968, 54771, 57484, 56041, 57401, 57321, 61593,
60892, 61553, 62026, 64261, 65992, 62210, 60692, 61393, 60930, 63039,
60363, 58894